-702.0 102.0 -696.0 278.0 0 wall
-696.0 278.0 -523.0 375.0 1 wall
-523.0 375.0 -88.0 360.0 2 wall
-88.0 360.0 71.0 140.0 3 wall
71.0 140.0 220.0 107.0 4 wall
220.0 107.0 433.0 266.0 5 wall
433.0 266.0 644.0 244.0 6 wall
644.0 244.0 739.0 -35.0 7 wall
739.0 -35.0 418.0 -269.0 8 wall
418.0 -269.0 435.0 -379.0 9 wall
435.0 -379.0 179.0 -471.0 10 wall
179.0 -471.0 -104.0 -242.0 11 wall
-104.0 -242.0 -494.0 -283.0 12 wall
-494.0 -283.0 -704.0 103.0 13 wall
-605.0 90.0 -603.0 223.0 14 wall
-603.0 223.0 -499.0 302.0 15 wall
-499.0 302.0 -138.0 292.0 16 wall
-138.0 292.0 28.0 71.0 17 wall
28.0 71.0 244.0 34.0 18 wall
244.0 34.0 458.0 204.0 19 wall
458.0 204.0 591.0 189.0 20 wall
591.0 189.0 661.0 -14.0 21 wall
661.0 -14.0 350.0 -238.0 22 wall
350.0 -238.0 349.0 -329.0 23 wall
349.0 -329.0 192.0 -393.0 24 wall
192.0 -393.0 -89.0 -165.0 25 wall
-89.0 -165.0 -458.0 -197.0 26 wall
-458.0 -197.0 -605.0 93.0 27 wall
-712.0 212.0 -565.0 180.0 0 goal
-580.0 213.0 -721.0 277.0 1 goal
-664.0 315.0 -550.0 216.0 2 goal
-531.0 245.0 -613.0 341.0 3 goal
-539.0 378.0 -504.0 275.0 4 goal
-487.0 286.0 -475.0 381.0 5 goal
-417.0 380.0 -431.0 291.0 6 goal
-377.0 281.0 -349.0 376.0 7 goal
-284.0 370.0 -309.0 286.0 8 goal
-251.0 278.0 -216.0 382.0 9 goal
-168.0 369.0 -193.0 278.0 10 goal
-155.0 264.0 -70.0 357.0 11 goal
-36.0 317.0 -132.0 221.0 12 goal
-85.0 184.0 26.0 273.0 13 goal
52.0 209.0 -62.0 110.0 14 goal
-10.0 78.0 118.0 190.0 15 goal
133.0 139.0 104.0 29.0 16 goal
203.0 20.0 205.0 158.0 17 goal
241.0 157.0 326.0 57.0 18 goal
405.0 116.0 316.0 214.0 19 goal
383.0 257.0 443.0 150.0 20 goal
466.0 176.0 501.0 274.0 21 goal
549.0 275.0 531.0 162.0 22 goal
566.0 165.0 638.0 254.0 23 goal
682.0 205.0 580.0 137.0 24 goal
599.0 103.0 702.0 139.0 25 goal
709.0 97.0 571.0 35.0 26 goal
618.0 14.0 750.0 47.0 27 goal
760.0 -4.0 630.0 -12.0 28 goal
616.0 -28.0 714.0 -88.0 29 goal
667.0 -132.0 557.0 -62.0 30 goal
530.0 -84.0 609.0 -186.0 31 goal
540.0 -206.0 459.0 -127.0 32 goal
415.0 -162.0 504.0 -262.0 33 goal
465.0 -286.0 334.0 -224.0 34 goal
317.0 -269.0 456.0 -346.0 35 goal
439.0 -408.0 299.0 -310.0 36 goal
267.0 -320.0 332.0 -437.0 37 goal
280.0 -464.0 201.0 -356.0 38 goal
179.0 -378.0 132.0 -461.0 39 goal
76.0 -426.0 152.0 -306.0 40 goal
83.0 -281.0 -20.0 -384.0 41 goal
-62.0 -336.0 13.0 -196.0 42 goal
-24.0 -172.0 -102.0 -291.0 43 goal
-113.0 -261.0 -129.0 -140.0 44 goal
-186.0 -142.0 -173.0 -280.0 45 goal
-206.0 -286.0 -261.0 -157.0 46 goal
-334.0 -151.0 -302.0 -304.0 47 goal
-358.0 -298.0 -378.0 -143.0 48 goal
-443.0 -156.0 -420.0 -310.0 49 goal
-456.0 -172.0 -535.0 -281.0 50 goal
-551.0 -225.0 -470.0 -81.0 51 goal
-502.0 -54.0 -615.0 -140.0 52 goal
-651.0 -83.0 -539.0 15.0 53 goal
-556.0 52.0 -699.0 8.0 54 goal
-722.0 99.0 -575.0 84.0 55 goal
